"baseball" <-
structure(list(Name = structure(as.integer(c(14, 7, 11, 12, 1, 
2, 6, 3, 13, 4, 8, 10, 5, 9, 20, 25, 44, 15, 42, 43, 18, 36, 
30, 31, 21, 39, 32, 29, 22, 40, 37, 26, 33, 41, 34, 23, 38, 35, 
19, 28, 16, 24, 27, 17, 45, 58, 59, 46, 54, 57, 53, 63, 61, 47, 
56, 48, 49, 55, 50, 52, 62, 60, 51, 82, 94, 90, 64, 81, 78, 83, 
65, 66, 95, 79, 97, 74, 75, 77, 67, 93, 84, 87, 91, 80, 72, 96, 
85, 76, 68, 69, 92, 70, 73, 71, 89, 88, 86, 101, 102, 99, 100, 
103, 98, 104, 108, 106, 105, 107, 118, 121, 119, 127, 112, 122, 
120, 113, 128, 109, 123, 111, 114, 126, 115, 116, 110, 125, 129, 
117, 124, 134, 136, 130, 133, 131, 135, 132, 137, 171, 172, 138, 
168, 158, 143, 169, 174, 157, 150, 175, 151, 165, 139, 144, 161, 
140, 152, 162, 141, 159, 167, 153, 145, 166, 146, 154, 148, 163, 
173, 164, 160, 147, 155, 156, 170, 149, 142, 187, 181, 189, 182, 
176, 186, 183, 177, 178, 179, 184, 185, 188, 180, 197, 195, 191, 
194, 196, 198, 190, 192, 201, 193, 199, 200, 212, 209, 213, 214, 
215, 202, 216, 203, 211, 204, 217, 218, 205, 219, 206, 208, 220, 
221, 207, 223, 224, 225, 210, 222, 226, 229, 227, 228, 230, 231, 
238, 239, 232, 235, 236, 237, 233, 234, 240, 253, 248, 254, 263, 
260, 255, 252, 264, 241, 242, 259, 265, 250, 249, 271, 256, 257, 
243, 266, 251, 244, 268, 267, 272, 245, 258, 270, 269, 246, 261, 
247, 262, 280, 277, 278, 273, 274, 275, 281, 282, 276, 279, 283, 
305, 284, 299, 300, 285, 291, 301, 306, 288, 298, 304, 292, 289, 
297, 293, 302, 303, 307, 286, 308, 309, 290, 294, 287, 295, 296, 
311, 312, 310, 317, 316, 319, 318, 313, 320, 314, 315, 321, 322
)), .Label = c("A Galarraga   ", "A Griffin     ", "A Salazar     ", 
"A Thornton    ", "A Van.Slyke   ", "Al Newman     ", "Alan Ashby    ", 
"Alan Trammell ", "Alan Wiggins  ", "Alex Trevino  ", "Alvin Davis   ", 
"Andre Dawson  ", "Andres Thomas ", "Andy Allanson ", "B Biancalana  ", 
"B Robidoux    ", "B Schroeder   ", "Barry Bonds   ", "Ben Oglivie   ", 
"Bill Almon    ", "Bill Buckner  ", "Bill Doran    ", "Bill Madlock  ", 
"Bill Russell  ", "Billy Beane   ", "Billy Hatcher ", "Billy Sample  ", 
"Bip Roberts   ", "Bo Diaz       ", "Bob Boone     ", "Bob Brenly    ", 
"Bob Dernier   ", "Bob Horner    ", "Bob Kearney   ", "Bob Melvin    ", 
"Bobby Bonilla ", "Bobby Grich   ", "Bobby Meacham ", "Brett Butler  ", 
"Brian Downing ", "Brook Jacoby  ", "Bruce Bochte  ", "Bruce Bochy   ", 
"Buddy Bell    ", "Butch Wynegar ", "C Castillo    ", "C Lansford    ", 
"C Maldonado   ", "C Martinez    ", "C Reynolds    ", "C Wilkerson   ", 
"Cal Ripken    ", "Carlton Fisk  ", "Cecil Cooper  ", "Charlie Moore ", 
"Chet Lemon    ", "Chili Davis   ", "Chris Bando   ", "Chris Brown   ", 
"Chris Speier  ", "Cliff Johnson ", "Cory Snyder   ", "Curt Ford     ", 
"D Bilardello  ", "D Concepcion  ", "D Daulton     ", "D Henderson   ", 
"D Porter      ", "D Schofield   ", "D Strawberry  ", "D Tartabull   ", 
"Dale Murphy   ", "Dale Sveum    ", "Damaso Garcia ", "Dan Gladden   ", 
"Dan Pasqua    ", "Danny Heep    ", "Darnell Coles ", "Darrell Evans ", 
"Darryl Motley ", "Daryl Boston  ", "Dave Anderson ", "Dave Collins  ", 
"Dave Kingman  ", "Dave Parker   ", "Dave Winfield ", "Davey Lopes   ", 
"Denny Walling ", "Dickie Thon   ", "Don Baylor    ", "Don Mattingly ", 
"Don Slaught   ", "Donnie Hill   ", "Doug Baker    ", "Doug DeCinces ", 
"Dwayne Murphy ", "Dwight Evans  ", "Ed Romero     ", "Eddie Milner  ", 
"Eddie Murray  ", "Enos Cabell   ", "Eric Davis    ", "Ernest Riles  ", 
"Ernie Whitt   ", "F Stubbs      ", "Floyd Rayford ", "Frank White   ", 
"Fred Lynn     ", "G Hendrick    ", "G Templeton   ", "Garth Iorg    ", 
"Gary Carter   ", "Gary Gaetti   ", "Gary Matthews ", "Gary Pettis   ", 
"Gary Redus    ", "Gary Ward     ", "George Bell   ", "George Brett  ", 
"George Foster ", "Glenn Braggs  ", "Glenn Davis   ", "Glenn Hubbard ", 
"Glenn Wilson  ", "Gorman Thomas ", "Graig Nettles ", "Greg Brock    ", 
"Greg Gagne    ", "Greg Walker   ", "H Johnson     ", "H Reynolds    ", 
"H Winningham  ", "Hal McRae     ", "Harold Baines ", "Harry Spilman ", 
"Hubie Brooks  ", "J Barfield    ", "J Cangelosi   ", "J Hairston    ", 
"J Leonard     ", "J Mumphrey    ", "J Youngblood  ", "Jack Clark    ", 
"Jack Howell   ", "Jamie Quirk   ", "Jeff Reed     ", "Jeff Stone    ", 
"Jerry Royster ", "Jerry Willard ", "Jim Dwyer     ", "Jim Gantner   ", 
"Jim Morrison  ", "Jim Presley   ", "Jim Rice      ", "Jim Sundberg  ", 
"Jim Traber    ", "Jody Davis    ", "Joe Carter    ", "Joe Orsulak   ", 
"Joel Skinner  ", "John Kruk     ", "John Moses    ", "John Russell  ", 
"John Shelby   ", "Johnny Grubb  ", "Johnny Ray    ", "Jorge Orta    ", 
"Jose Canseco  ", "Jose Cruz     ", "Jose Uribe    ", "Juan Beniquez ", 
"Juan Bonilla  ", "Juan Samuel   ", "Julio Cruz    ", "Julio Franco  ", 
"K Hernandez   ", "K McReynolds  ", "K Mitchell    ", "K Moreland    ", 
"K Stillwell   ", "Kal Daniels   ", "Ken Griffey   ", "Ken Landreaux ", 
"Ken Oberkfell ", "Ken Phelps    ", "Kent Hrbek    ", "Kevin Bass    ", 
"Kirby Puckett ", "Kirk Gibson   ", "Lance Parrish ", "Larry Herndon ", 
"Larry Parrish ", "Larry Sheets  ", "Lee Lacy      ", "Len Dykstra   ", 
"Len Matuszek  ", "Leon Durham   ", "Lloyd Moseby  ", "Lonnie Smith  ", 
"Lou Whitaker  ", "Luis Rivera   ", "M Duncan      ", "M Fitzgerald  ", 
"M Hatcher     ", "M LaValliere  ", "M Pagliarulo  ", "M Tettleton   ", 
"Mark Salas    ", "Marty Barrett ", "Marvell Wynne ", "Mel Hall      ", 
"Mike Aldrete  ", "Mike Brown    ", "Mike Davis    ", "Mike Diaz     ", 
"Mike Easler   ", "Mike Heath    ", "Mike Kingery  ", "Mike Marshall ", 
"Mike Schmidt  ", "Mike Scioscia ", "Mike Young    ", "Milt Thompson ", 
"Mitch Webster ", "Mookie Wilson ", "Nick Esasky   ", "O McDowell    ", 
"Omar Moreno   ", "Ozzie Guillen ", "Ozzie Smith   ", "Ozzie Virgil  ", 
"P Incaviglia  ", "Pat Sheridan  ", "Pat Tabler    ", "Paul Molitor  ", 
"Pete O'Brien  ", "Pete Rose     ", "Phil Bradley  ", "Phil Garner   ", 
"R Belliard    ", "R Henderson   ", "R Jackson     ", "R Mulliniks   ", 
"R Ramirez     ", "R Santana     ", "R Thompson    ", "R Williams    ", 
"Randy Bush    ", "Randy Kutcher ", "Ray Knight    ", "Rey Quinones  ", 
"Rich Gedman   ", "Rick Burleson ", "Rick Cerone   ", "Rick Dempsey  ", 
"Rick Leach    ", "Rick Manning  ", "Rick Schu     ", "Ricky Jones   ", 
"Rob Deer      ", "Rob Wilfong   ", "Robin Yount   ", "Ron Cey       ", 
"Ron Hassey    ", "Ron Kittle    ", "Ron Oester    ", "Ron Roenicke  ", 
"Ronn Reynolds ", "Roy Smalley   ", "Ruben Sierra  ", "Rudy Law      ", 
"Ryne Sandberg ", "S Buechele    ", "S Dunston     ", "S Fletcher    ", 
"S Lombardozzi ", "Scott Bradley ", "Sid Bream     ", "Spike Owen    ", 
"Steve Balboni ", "Steve Garvey  ", "Steve Jeltz   ", "Steve Sax     ", 
"T Bernazard   ", "T Fernandez   ", "T Pendleton   ", "Ted Simmons   ", 
"Terry Harper  ", "Terry Kennedy ", "Terry Puhl    ", "Tim Flannery  ", 
"Tim Hulett    ", "Tim Laudner   ", "Tim Raines    ", "Tim Teufel    ", 
"Tim Wallach   ", "Tito Landrum  ", "Toby Harrah   ", "Tom Brookens  ", 
"Tom Brunansky ", "Tom Foley     ", "Tom O'Malley  ", "Tom Paciorek  ", 
"Tommy Herr    ", "Tony Armas    ", "Tony Gwynn    ", "Tony Pena     ", 
"Tony Perez    ", "Tony Phillips ", "Vance Law     ", "Vince Coleman ", 
"Von Hayes     ", "W Krenchicki  ", "W Randolph    ", "W Tolleson    ", 
"Wade Boggs    ", "Wally Backman ", "Wally Joyner  ", "Will Clark    ", 
"Willie McGee  ", "Willie Upshaw ", "Willie Wilson "), class = "factor"),